1743958200127 0.7713249325752258 0
1743958210278 0.7669305801391602 1
1743958220491 0.7635850310325623 2
1743958230147 0.7599912285804749 3
1743958240910 0.7571684122085571 4
1743958250604 0.753801167011261 5
1743958260886 0.7506011128425598 6
1743958271749 0.7473307847976685 7
1743958277639 0.7444040179252625 8
1743958284217 0.7412379384040833 9
1743958293849 0.7384973764419556 10
1743958304098 0.7357304096221924 11
1743958314236 0.7317447066307068 12
1743958325054 0.7293036580085754 13
1743958331623 0.7263431549072266 14
1743958341890 0.7233290672302246 15
1743958352045 0.7206997871398926 16
1743958358512 0.7181602120399475 17
1743958368279 0.7145578265190125 18
1743958374787 0.7119694352149963 19
1743958384453 0.7088305950164795 20
1743958394663 0.7060866951942444 21
1743958401232 0.7033390998840332 22
1743958411481 0.700629711151123 23
1743958421647 0.6977591514587402 24
1743958431285 0.6946717500686646 25
1743958442100 0.6925773024559021 26
1743958452345 0.6895630955696106 27
1743958462012 0.6873259544372559 28
1743958468546 0.6842687726020813 29
1743958478788 0.6816878318786621 30
1743958488421 0.6791916489601135 31
1743958498632 0.6764225959777832 32
1743958509449 0.6739144325256348 33
1743958519166 0.6709046959877014 34
1743958525659 0.6682313680648804 35
1743958535343 0.6662701964378357 36
1743958541908 0.663724958896637 37
1743958552206 0.6612426042556763 38
1743958561806 0.6585298776626587 39
1743958568355 0.6560121774673462 40
1743958574903 0.6533567309379578 41
1743958585114 0.6510908603668213 42
1743958594763 0.6487146615982056 43
1743958605007 0.6461575031280518 44
1743958611000 0.6436904072761536 45
1743958616932 0.6415879130363464 46
1743958623542 0.6391962766647339 47
1743958629478 0.6365401148796082 48
1743958640304 0.6339851021766663 49
1743958650548 0.6315591931343079 50
1743958656532 0.6296975612640381 51
1743958667308 0.6272283792495728 52
1743958673265 0.625277578830719 53
1743958683577 0.6229285001754761 54
1743958690092 0.6202811002731323 55
1743958700343 0.618314266204834 56
1743958706915 0.6159759759902954 57
1743958713441 0.613740086555481 58
1743958723700 0.6112676858901978 59
1743958730283 0.6095460653305054 60
1743958739983 0.6070168018341064 61
1743958750698 0.6051162481307983 62
1743958760328 0.6028216481208801 63
1743958766929 0.6002442836761475 64
1743958777189 0.5982649922370911 65
1743958783727 0.596821129322052 66
1743958790328 0.5939586162567139 67
1743958800041 0.5921467542648315 68
1743958810733 0.5898382067680359 69
1743958820356 0.5876443982124329 70
1743958830604 0.5856584906578064 71
1743958840852 0.5838716626167297 72
1743958851064 0.5817419290542603 73
1743958861961 0.5801647305488586 74
1743958868497 0.5777590274810791 75
1743958875049 0.5756020545959473 76
1743958881616 0.5739991068840027 77
1743958891206 0.5717310309410095 78
1743958897690 0.5697488784790039 79
1743958907380 0.5678577423095703 80
1743958917596 0.5659245252609253 81
1743958923421 0.5636237263679504 82
1743958929347 0.5621625185012817 83
1743958939501 0.5600568056106567 84
1743958945996 0.5583796501159668 85
1743958952401 0.5565585494041443 86
1743958958878 0.5542066097259521 87
1743958964762 0.552654504776001 88
1743958970632 0.5505422949790955 89
1743958977091 0.5487762093544006 90
1743958986733 0.5469894409179688 91
1743958997550 0.5454283356666565 92
1743959007144 0.542958676815033 93
1743959017403 0.5418635606765747 94
1743959023903 0.5397325158119202 95
1743959030342 0.5378843545913696 96
1743959036880 0.5366970300674438 97
1743959046510 0.5342698693275452 98
1743959052980 0.5327146649360657 99
1743959062710 0.530828595161438 100
1743959073547 0.5291237831115723 101
1743959083166 0.5275129675865173 102
1743959089614 0.5255318880081177 103
1743959099970 0.5237013697624207 104
1743959109581 0.5221785306930542 105
1743959120416 0.5205383896827698 106
1743959130598 0.518711268901825 107
1743959140786 0.5172911882400513 108
1743959150415 0.5156819224357605 109
1743959156915 0.5139003992080688 110
1743959166591 0.5122954845428467 111
1743959176735 0.5106761455535889 112
1743959186950 0.5090201497077942 113
1743959197787 0.5075230002403259 114
1743959204287 0.5055355429649353 115
1743959213994 0.5039079785346985 116
1743959224164 0.5020824074745178 117
1743959234341 0.5010823607444763 118
1743959240259 0.499328076839447 119
1743959246104 0.49806806445121765 120
1743959252053 0.4959157109260559 121
1743959262300 0.4947441816329956 122
1743959272493 0.49321964383125305 123
1743959283241 0.4916668236255646 124
1743959293478 0.489908367395401 125
1743959300016 0.48832547664642334 126
1743959310292 0.4868570566177368 127
1743959316127 0.48538658022880554 128
1743959326424 0.48436835408210754 129
1743959336673 0.48210951685905457 130
1743959342551 0.480703741312027 131
1743959349072 0.4795995354652405 132
1743959354966 0.4781216084957123 133
1743959365796 0.47668027877807617 134
1743959375397 0.4752828776836395 135
1743959386236 0.4735928773880005 136
1743959396463 0.4722535312175751 137
1743959402999 0.470872700214386 138
1743959412661 0.4690313935279846 139
1743959422855 0.4682042896747589 140
1743959429383 0.46654263138771057 141
1743959435241 0.46522048115730286 142
1743959441742 0.46408918499946594 143
1743959447577 0.46237102150917053 144
1743959453482 0.4608849287033081 145
1743959463742 0.45990699529647827 146
1743959470172 0.45833027362823486 147
1743959476654 0.4570353925228119 148
1743959483079 0.4557327628135681 149
1743959489593 0.45435401797294617 150
1743959499853 0.45325249433517456 151
1743959510064 0.45151957869529724 152
1743959520254 0.4506269097328186 153
1743959530495 0.44925427436828613 154
1743959540679 0.4476804733276367 155
1743959546633 0.4464816749095917 156
1743959557460 0.44531869888305664 157
1743959567645 0.4437776207923889 158
1743959577838 0.44261643290519714 159
1743959588057 0.44170185923576355 160
1743959594598 0.4401988685131073 161
1743959601081 0.4385468661785126 162
1743959610742 0.43726852536201477 163
1743959617272 0.4362143576145172 164
1743959623133 0.43524786829948425 165
1743959633970 0.4336034953594208 166
1743959639873 0.43274596333503723 167
1743959646307 0.43143314123153687 168
1743959656019 0.43011555075645447 169
1743959666281 0.4293978810310364 170
1743959672125 0.4276193380355835 171
1743959678631 0.42639362812042236 172
1743959684489 0.42547860741615295 173
1743959691005 0.4240668714046478 174
1743959701301 0.4232475161552429 175
1743959710920 0.421752005815506 176
1743959721637 0.4206170439720154 177
1743959731907 0.4192773103713989 178
1743959742128 0.4184017777442932 179
1743959752356 0.4174388349056244 180
1743959762608 0.41567176580429077 181
1743959769140 0.4151194095611572 182
1743959778762 0.4138353168964386 183
1743959788971 0.4127322733402252 184
1743959795526 0.4118460714817047 185
1743959801969 0.41049695014953613 186
1743959812253 0.4092784821987152 187
1743959818208 0.40840134024620056 188
1743959824086 0.40736475586891174 189
1743959834318 0.40628018975257874 190
1743959844566 0.40486833453178406 191
1743959850540 0.4038904011249542 192
1743959857019 0.40268567204475403 193
1743959863027 0.40175917744636536 194
1743959869498 0.40054047107696533 195
1743959879178 0.39949917793273926 196
1743959885616 0.3985103666782379 197
1743959892129 0.3974451720714569 198
1743959898659 0.39657291769981384 199
