1743959919000 0.8402000069618225 0
1743959919000 0.8402968049049377 1
1743959919001 0.841037392616272 2
1743959919001 0.8414062857627869 3
1743959919002 0.8419374227523804 4
1743959919003 0.8426218032836914 5
1743959919003 0.8428561687469482 6
1743959919004 0.8432875275611877 7
1743959919004 0.843440592288971 8
1743959919005 0.8442906737327576 9
1743959919005 0.8445311784744263 10
1743959919006 0.8450906872749329 11
1743959919007 0.8454468846321106 12
1743959919007 0.8456531763076782 13
1743959919008 0.8461936116218567 14
1743959919008 0.8465124368667603 15
1743959919009 0.846846878528595 16
1743959919009 0.8473032116889954 17
1743959919010 0.8478437662124634 18
1743959919010 0.8480185866355896 19
1743959919011 0.8486906290054321 20
1743959919012 0.8490937948226929 21
1743959919012 0.8491031527519226 22
1743959919013 0.8497408032417297 23
1743959919013 0.8503343462944031 24
1743959919014 0.8508126139640808 25
1743959919014 0.850849986076355 26
1743959919015 0.8515532612800598 27
1743959919016 0.8516969680786133 28
1743959919016 0.8519532680511475 29
1743959919017 0.8525093793869019 30
1743959919017 0.8529938459396362 31
1743959919018 0.8534813523292542 32
1743959919018 0.8533812165260315 33
1743959919019 0.8540092706680298 34
1743959919020 0.8543999791145325 35
1743959919020 0.8547779321670532 36
1743959919021 0.8547533750534058 37
1743959919021 0.8553687930107117 38
1743959919022 0.8555624485015869 39
1743959919022 0.8562313318252563 40
1743959919023 0.8564249873161316 41
1743959919023 0.8568094372749329 42
1743959919024 0.857468843460083 43
1743959919025 0.8575157523155212 44
1743959919025 0.8576939105987549 45
1743959919026 0.8582000136375427 46
1743959919026 0.8585125803947449 47
1743959919027 0.8586280941963196 48
1743959919027 0.8591935634613037 49
1743959919028 0.8598218560218811 50
1743959919028 0.8598843216896057 51
1743959919029 0.8599500060081482 52
1743959919030 0.8602312803268433 53
1743959919030 0.8610594272613525 54
1743959919031 0.86123126745224 55
1743959919031 0.8613812327384949 56
1743959919032 0.8620716333389282 57
1743959919032 0.8620501160621643 58
1743959919033 0.8620905876159668 59
1743959919033 0.8625435829162598 60
1743959919034 0.8633437752723694 61
1743959919034 0.8636032342910767 62
1743959919035 0.8637592792510986 63
1743959919036 0.864300012588501 64
1743959919036 0.8645219802856445 65
1743959919037 0.864465594291687 66
1743959919038 0.8650312423706055 67
1743959919038 0.8655123710632324 68
1743959919039 0.8656125664710999 69
1743959919039 0.866021990776062 70
1743959919040 0.8663437962532043 71
1743959919041 0.8668250441551208 72
1743959919041 0.8668591976165771 73
1743959919042 0.8673407435417175 74
1743959919042 0.8675470948219299 75
1743959919043 0.8677812218666077 76
1743959919043 0.8678407073020935 77
1743959919044 0.8686156272888184 78
1743959919044 0.8684782385826111 79
1743959919045 0.8691562414169312 80
1743959919046 0.8691281676292419 81
1743959919046 0.8695656061172485 82
1743959919047 0.8699718117713928 83
1743959919047 0.8698874115943909 84
1743959919048 0.8702002763748169 85
1743959919048 0.8702750205993652 86
1743959919049 0.8708688020706177 87
1743959919049 0.8710500001907349 88
1743959919050 0.8716093301773071 89
1743959919050 0.8716155886650085 90
1743959919051 0.8720406293869019 91
1743959919052 0.8721437454223633 92
1743959919052 0.8725282549858093 93
1743959919053 0.8725404739379883 94
1743959919053 0.8731406927108765 95
1743959919054 0.8730562329292297 96
1743959919054 0.8733188509941101 97
1743959919055 0.8738874197006226 98
1743959919055 0.8737688064575195 99
1743959919056 0.8741939067840576 100
1743959919057 0.8746563792228699 101
1743959919057 0.8748125433921814 102
1743959919058 0.8750938773155212 103
1743959919058 0.8752624988555908 104
1743959919059 0.8754499554634094 105
1743959919059 0.8758718371391296 106
1743959919060 0.87603759765625 107
1743959919060 0.8762156963348389 108
1743959919061 0.8764843940734863 109
1743959919062 0.8770531415939331 110
1743959919063 0.8769718408584595 111
1743959919064 0.8769562840461731 112
1743959919065 0.8778124451637268 113
1743959919065 0.8775186538696289 114
1743959919066 0.8778128027915955 115
1743959919067 0.8782249689102173 116
1743959919067 0.8784906268119812 117
1743959919068 0.8784623742103577 118
1743959919068 0.8788937926292419 119
1743959919069 0.8790686130523682 120
1743959919069 0.8791749477386475 121
1743959919070 0.8797219395637512 122
1743959919070 0.8797938823699951 123
1743959919071 0.880159318447113 124
1743959919072 0.880553126335144 125
1743959919072 0.8806438446044922 126
1743959919073 0.8806626200675964 127
1743959919073 0.8810374140739441 128
1743959919074 0.8810279965400696 129
1743959919074 0.881465494632721 130
1743959919075 0.8817281126976013 131
1743959919076 0.8819717764854431 132
1743959919076 0.8821905851364136 133
1743959919077 0.8820687532424927 134
1743959919077 0.8821156024932861 135
1743959919078 0.8827187418937683 136
1743959919078 0.8827781081199646 137
1743959919079 0.8830937147140503 138
1743959919080 0.8834686875343323 139
1743959919080 0.8834842443466187 140
1743959919081 0.8836531043052673 141
1743959919081 0.8839563131332397 142
1743959919082 0.883996844291687 143
1743959919082 0.8839467763900757 144
1743959919083 0.8846188187599182 145
1743959919083 0.8846907019615173 146
1743959919084 0.8848656415939331 147
1743959919085 0.8850404024124146 148
1743959919085 0.8855250477790833 149
1743959919086 0.8855624794960022 150
1743959919086 0.8854218125343323 151
1743959919087 0.885940670967102 152
1743959919087 0.8857530355453491 153
1743959919088 0.8860843777656555 154
1743959919088 0.8866249918937683 155
1743959919089 0.8869313597679138 156
1743959919089 0.8869812488555908 157
1743959919090 0.8869093656539917 158
1743959919091 0.8873906135559082 159
1743959919091 0.8875750303268433 160
1743959919092 0.887374997138977 161
1743959919092 0.8877655267715454 162
1743959919093 0.888115406036377 163
1743959919093 0.8882094621658325 164
1743959919094 0.8884999752044678 165
1743959919094 0.8887844681739807 166
1743959919095 0.8889030814170837 167
1743959919096 0.888912558555603 168
1743959919096 0.8889937996864319 169
1743959919097 0.8888751268386841 170
1743959919098 0.889796793460846 171
1743959919098 0.8897626399993896 172
1743959919099 0.8896154761314392 173
1743959919099 0.8898124098777771 174
1743959919100 0.8901219964027405 175
1743959919100 0.8902062773704529 176
1743959919101 0.8905749320983887 177
1743959919101 0.8910062313079834 178
1743959919102 0.8913999199867249 179
1743959919102 0.8908344507217407 180
1743959919103 0.8916594386100769 181
1743959919103 0.891296923160553 182
1743959919104 0.8916904330253601 183
1743959919105 0.8916781544685364 184
1743959919105 0.8915345072746277 185
1743959919106 0.892009437084198 186
1743959919106 0.8924033045768738 187
1743959919107 0.8923342227935791 188
1743959919107 0.8924030661582947 189
1743959919108 0.8927062749862671 190
1743959919108 0.8928094506263733 191
1743959919109 0.8926938772201538 192
1743959919109 0.8930500149726868 193
1743959919110 0.8933624029159546 194
1743959919111 0.8937094211578369 195
1743959919111 0.8932408690452576 196
1743959919112 0.8938093781471252 197
1743959919112 0.8937936425209045 198
1743959919113 0.8941156268119812 199
