1743958200127 0.8402000069618225 0
1743958210278 0.8402968049049377 1
1743958220491 0.841037392616272 2
1743958230147 0.8414062857627869 3
1743958240910 0.8419374227523804 4
1743958250604 0.8426218032836914 5
1743958260886 0.8428561687469482 6
1743958271749 0.8432875275611877 7
1743958277639 0.843440592288971 8
1743958284217 0.8442906737327576 9
1743958293849 0.8445311784744263 10
1743958304098 0.8450906872749329 11
1743958314236 0.8454468846321106 12
1743958325054 0.8456531763076782 13
1743958331623 0.8461936116218567 14
1743958341890 0.8465124368667603 15
1743958352045 0.846846878528595 16
1743958358512 0.8473032116889954 17
1743958368279 0.8478437662124634 18
1743958374787 0.8480185866355896 19
1743958384453 0.8486906290054321 20
1743958394663 0.8490937948226929 21
1743958401232 0.8491031527519226 22
1743958411481 0.8497408032417297 23
1743958421647 0.8503343462944031 24
1743958431285 0.8508126139640808 25
1743958442100 0.850849986076355 26
1743958452345 0.8515532612800598 27
1743958462012 0.8516969680786133 28
1743958468546 0.8519532680511475 29
1743958478788 0.8525093793869019 30
1743958488421 0.8529938459396362 31
1743958498632 0.8534813523292542 32
1743958509449 0.8533812165260315 33
1743958519166 0.8540092706680298 34
1743958525659 0.8543999791145325 35
1743958535343 0.8547779321670532 36
1743958541908 0.8547533750534058 37
1743958552206 0.8553687930107117 38
1743958561806 0.8555624485015869 39
1743958568355 0.8562313318252563 40
1743958574903 0.8564249873161316 41
1743958585114 0.8568094372749329 42
1743958594763 0.857468843460083 43
1743958605007 0.8575157523155212 44
1743958611000 0.8576939105987549 45
1743958616932 0.8582000136375427 46
1743958623542 0.8585125803947449 47
1743958629478 0.8586280941963196 48
1743958640304 0.8591935634613037 49
1743958650548 0.8598218560218811 50
1743958656532 0.8598843216896057 51
1743958667308 0.8599500060081482 52
1743958673265 0.8602312803268433 53
1743958683577 0.8610594272613525 54
1743958690092 0.86123126745224 55
1743958700343 0.8613812327384949 56
1743958706915 0.8620716333389282 57
1743958713441 0.8620501160621643 58
1743958723700 0.8620905876159668 59
1743958730283 0.8625435829162598 60
1743958739983 0.8633437752723694 61
1743958750698 0.8636032342910767 62
1743958760328 0.8637592792510986 63
1743958766929 0.864300012588501 64
1743958777189 0.8645219802856445 65
1743958783727 0.864465594291687 66
1743958790328 0.8650312423706055 67
1743958800041 0.8655123710632324 68
1743958810733 0.8656125664710999 69
1743958820356 0.866021990776062 70
1743958830604 0.8663437962532043 71
1743958840852 0.8668250441551208 72
1743958851064 0.8668591976165771 73
1743958861961 0.8673407435417175 74
1743958868497 0.8675470948219299 75
1743958875049 0.8677812218666077 76
1743958881616 0.8678407073020935 77
1743958891206 0.8686156272888184 78
1743958897690 0.8684782385826111 79
1743958907380 0.8691562414169312 80
1743958917596 0.8691281676292419 81
1743958923421 0.8695656061172485 82
1743958929347 0.8699718117713928 83
1743958939501 0.8698874115943909 84
1743958945996 0.8702002763748169 85
1743958952401 0.8702750205993652 86
1743958958878 0.8708688020706177 87
1743958964762 0.8710500001907349 88
1743958970632 0.8716093301773071 89
1743958977091 0.8716155886650085 90
1743958986733 0.8720406293869019 91
1743958997550 0.8721437454223633 92
1743959007144 0.8725282549858093 93
1743959017403 0.8725404739379883 94
1743959023903 0.8731406927108765 95
1743959030342 0.8730562329292297 96
1743959036880 0.8733188509941101 97
1743959046510 0.8738874197006226 98
1743959052980 0.8737688064575195 99
1743959062710 0.8741939067840576 100
1743959073547 0.8746563792228699 101
1743959083166 0.8748125433921814 102
1743959089614 0.8750938773155212 103
1743959099970 0.8752624988555908 104
1743959109581 0.8754499554634094 105
1743959120416 0.8758718371391296 106
1743959130598 0.87603759765625 107
1743959140786 0.8762156963348389 108
1743959150415 0.8764843940734863 109
1743959156915 0.8770531415939331 110
1743959166591 0.8769718408584595 111
1743959176735 0.8769562840461731 112
1743959186950 0.8778124451637268 113
1743959197787 0.8775186538696289 114
1743959204287 0.8778128027915955 115
1743959213994 0.8782249689102173 116
1743959224164 0.8784906268119812 117
1743959234341 0.8784623742103577 118
1743959240259 0.8788937926292419 119
1743959246104 0.8790686130523682 120
1743959252053 0.8791749477386475 121
1743959262300 0.8797219395637512 122
1743959272493 0.8797938823699951 123
1743959283241 0.880159318447113 124
1743959293478 0.880553126335144 125
1743959300016 0.8806438446044922 126
1743959310292 0.8806626200675964 127
1743959316127 0.8810374140739441 128
1743959326424 0.8810279965400696 129
1743959336673 0.881465494632721 130
1743959342551 0.8817281126976013 131
1743959349072 0.8819717764854431 132
1743959354966 0.8821905851364136 133
1743959365796 0.8820687532424927 134
1743959375397 0.8821156024932861 135
1743959386236 0.8827187418937683 136
1743959396463 0.8827781081199646 137
1743959402999 0.8830937147140503 138
1743959412661 0.8834686875343323 139
1743959422855 0.8834842443466187 140
1743959429383 0.8836531043052673 141
1743959435241 0.8839563131332397 142
1743959441742 0.883996844291687 143
1743959447577 0.8839467763900757 144
1743959453482 0.8846188187599182 145
1743959463742 0.8846907019615173 146
1743959470172 0.8848656415939331 147
1743959476654 0.8850404024124146 148
1743959483079 0.8855250477790833 149
1743959489593 0.8855624794960022 150
1743959499853 0.8854218125343323 151
1743959510064 0.885940670967102 152
1743959520254 0.8857530355453491 153
1743959530495 0.8860843777656555 154
1743959540679 0.8866249918937683 155
1743959546633 0.8869313597679138 156
1743959557460 0.8869812488555908 157
1743959567645 0.8869093656539917 158
1743959577838 0.8873906135559082 159
1743959588057 0.8875750303268433 160
1743959594598 0.887374997138977 161
1743959601081 0.8877655267715454 162
1743959610742 0.888115406036377 163
1743959617272 0.8882094621658325 164
1743959623133 0.8884999752044678 165
1743959633970 0.8887844681739807 166
1743959639873 0.8889030814170837 167
1743959646307 0.888912558555603 168
1743959656019 0.8889937996864319 169
1743959666281 0.8888751268386841 170
1743959672125 0.889796793460846 171
1743959678631 0.8897626399993896 172
1743959684489 0.8896154761314392 173
1743959691005 0.8898124098777771 174
1743959701301 0.8901219964027405 175
1743959710920 0.8902062773704529 176
1743959721637 0.8905749320983887 177
1743959731907 0.8910062313079834 178
1743959742128 0.8913999199867249 179
1743959752356 0.8908344507217407 180
1743959762608 0.8916594386100769 181
1743959769140 0.891296923160553 182
1743959778762 0.8916904330253601 183
1743959788971 0.8916781544685364 184
1743959795526 0.8915345072746277 185
1743959801969 0.892009437084198 186
1743959812253 0.8924033045768738 187
1743959818208 0.8923342227935791 188
1743959824086 0.8924030661582947 189
1743959834318 0.8927062749862671 190
1743959844566 0.8928094506263733 191
1743959850540 0.8926938772201538 192
1743959857019 0.8930500149726868 193
1743959863027 0.8933624029159546 194
1743959869498 0.8937094211578369 195
1743959879178 0.8932408690452576 196
1743959885616 0.8938093781471252 197
1743959892129 0.8937936425209045 198
1743959898659 0.8941156268119812 199
